ADD r0, #0b1011, r1 	; r1=0+11
INVERT r1,r1		; invertieren, müsste also 0b0100=4 rauskommen
SUB r1, #3, r2		; r2=r1-3 = 4-3 = 1
ADD r2, #0, r3		; r3=r2+0 = 1+0=1
; Ende des Tests

ssss op1 const result
0100 00  1011  01
1010 01  0000  01
0111 01  0011  10
0100 10  0000  11

0000 00  0000  00
0000 00  0000  00
0000 00  0000  00
0000 00  0000  00
0000 00  0000  00
0000 00  0000  00
0000 00  0000  00
0000 00  0000  00
0000 00  0000  00
0000 00  0000  00
0000 00  0000  00
0000 00  0000  00
0000 00  0000  00
0000 00  0000  00
0000 00  0000  00
0000 00  0000  00
0000 00  0000  00
0000 00  0000  00
0000 00  0000  00
0000 00  0000  00
0000 00  0000  00
0000 00  0000  00
0000 00  0000  00
0000 00  0000  00
0000 00  0000  00
0000 00  0000  00
0000 00  0000  00
0000 00  0000  00
